28 69 4 13 44 18 14 57 20 46 10 16 26 56 7 89 6 54 23 15
29 66 28 47 26 4 48 3 69 67 36 6 15 3 41 97 8 56 16 50
76 74 84 64 94 86 97 80 13 76 92 40 18 84 82 8 25 51 69 80
7 98 27 8 0 65 86 88 19 11 94 71 10 44 42 23 27 60 19 95
3 46 74 64 22 1 9 29 90 60 46 26 29 8 78 9 30 53 42 63
68 86 99 22 59 95 53 54 68 82 63 59 19 2 98 18 20 40 92 14
27 7 77 53 74 28 30 97 7 57 1 16 16 16 96 79 12 49 44 88
83 13 27 44 77 24 76 48 92 5 85 25 0 7 58 37 45 82 61 44
76 48 92 2 39 80 0 38 54 55 81 90 71 9 20 62 31 82 30 15
19 2 5 96 68 77 50 74 81 11 20 79 64 24 40 76 67 90 80 25
62 84 93 87 11 45 30 33 71 54 99 30 52 83 68 54 35 48 22 14
53 66 86 58 74 77 79 43 83 43 64 99 58 54 38 1 51 61 99 81
22 80 70 45 52 91 34 65 2 28 48 3 30 35 63 63 81 98 90 53
2 36 83 94 30 61 39 31 72 67 4 43 13 35 12 26 45 98 6 67
18 58 31 67 25 77 27 33 99 41 35 31 5 42 69 75 27 47 15 86
12 33 45 68 83 67 46 42 8 55 28 90 18 84 79 95 30 62 13 68
90 69 20 34 32 3 23 74 39 19 77 3 52 62 53 26 95 86 42 15
65 65 69 66 92 10 65 71 61 91 1 2 16 28 60 25 23 56 41 56
53 41 55 75 54 91 15 95 12 40 93 48 2 77 66 5 21 50 94 48
31 52 49 61 59 29 12 61 4 75 67 83 8 93 8 17 58 72 0 36
